6    150  37.615123 127.078109 410  02/01/2023 13:31:00 427  79.40  203.89 1.76  SSW   8859     329.74 NNW   35565 130       0        
6    150  37.615131 127.078094 419  02/01/2023 13:31:01 438  80.40  203.89 2.50  SSW   8859     329.74 NNW   36037 132       0        
6    150  37.615139 127.078094 427  02/01/2023 13:31:02 445  80.80  203.89 1.78  SSW   8859     329.74 NNW   36509 134       0        
6    150  37.615146 127.078094 432  02/01/2023 13:31:03 450  81.30  203.89 1.65  SSW   8859     329.74 NNW   36981 136       0        
6    150  37.615154 127.078094 443  02/01/2023 13:31:04 461  81.80  203.89 1.56  SSW   8859     329.74 NNW   37453 138       0        
6    150  37.615161 127.078086 448  02/01/2023 13:31:05 468  82.70  203.89 1.56  SSW   8859     329.74 NNW   37925 140       0        
6    150  37.615165 127.078079 458  02/01/2023 13:31:06 476  83.50  203.89 1.69  SSW   8859     329.74 NNW   38397 142       0        
6    150  37.615173 127.078071 467  02/01/2023 13:31:07 484  84.80  203.89 3.19  SSW   8859     329.74 NNW   38869 144       0        
6    253  37.615165 127.078063 479  02/01/2023 13:31:08 498  84.90  203.89 1.93  SSW   8859     329.74 NNW   39343 146       0        
6    249  37.615154 127.078048 485  02/01/2023 13:31:09 503  85.60  203.89 1.28  SSW   8859     329.74 NNW   39817 148       0        
6    249  37.615146 127.078041 493  02/01/2023 13:31:10 513  86.30  203.89 0.91  SSW   8859     329.74 NNW   40289 150       0        
6    249  37.615142 127.078033 502  02/01/2023 13:31:11 520  87.00  203.89 0.72  SSW   8859     329.74 NNW   40761 152       0        
6    249  37.615139 127.078033 508  02/01/2023 13:31:12 527  88.30  203.89 0.56  SSW   8859     329.74 NNW   41233 154       0        
6    249  37.615142 127.078033 517  02/01/2023 13:31:13 535  88.80  203.89 0.78  SSW   8859     329.74 NNW   41705 156       0        
6    249  37.615135 127.078025 525  02/01/2023 13:31:14 544  88.90  203.89 0.37  SSW   8859     329.74 NNW   42177 158       0        
7    249  37.615135 127.078025 532  02/01/2023 13:31:15 550  89.20  203.89 0.63  SSW   8859     329.74 NNW   42653 160       0        
7    149  37.615146 127.078033 539  02/01/2023 13:31:16 556  90.20  203.89 0.80  SSW   8859     329.74 NNW   43129 162       0        
8    149  37.615161 127.078033 546  02/01/2023 13:31:17 564  92.10  203.89 0.44  SSW   8859     329.74 NNW   43609 164       0        
8    149  37.615169 127.078033 553  02/01/2023 13:31:18 571  93.70  203.89 0.48  SSW   8859     329.74 NNW   44091 166       0        
8    149  37.615177 127.078041 561  02/01/2023 13:31:19 581  95.10  203.89 0.39  SSW   8859     329.74 NNW   44573 168       0        
8    149  37.615184 127.078041 573  02/01/2023 13:31:20 590  96.40  203.89 0.46  SSW   8859     329.74 NNW   45053 170       0        
8    149  37.615192 127.078041 578  02/01/2023 13:31:21 597  97.60  203.89 0.61  SSW   8859     329.74 NNW   45535 172       0        
8    99   37.615207 127.078048 584  02/01/2023 13:31:22 601  99.20  203.89 0.44  SSW   8859     329.74 NNW   46017 174       0        
8    99   37.615222 127.078056 593  02/01/2023 13:31:23 612  100.50 203.89 0.46  SSW   8859     329.74 NNW   46500 176       0        
8    99   37.615234 127.078063 600  02/01/2023 13:31:24 618  101.60 203.89 0.52  SSW   8859     329.74 NNW   46983 178       0        
8    99   37.615245 127.078063 608  02/01/2023 13:31:25 627  102.20 203.89 0.07  SSW   8859     