6    208  37.615245 127.078170 462  02/01/2023 13:32:11 479  88.50  124.83 1.41  SE    8859     329.74 NNW   69558 272       0        
6    208  37.615245 127.078163 471  02/01/2023 13:32:12 489  88.30  124.83 0.80  SE    8859     329.74 NNW   70032 274       0        
6    208  37.615245 127.078163 479  02/01/2023 13:32:13 497  88.30  124.83 0.78  SE    8859     329.74 NNW   70506 276       0        
8    208  37.615245 127.078170 479  02/01/2023 13:32:14 497  88.20  124.83 1.20  SE    8859     329.74 NNW   70988 278       0        
8    208  37.615238 127.078170 492  02/01/2023 13:32:15 509  88.10  124.83 0.56  SE    8859     329.74 NNW   71470 280       0        
7    149  37.615245 127.078155 498  02/01/2023 13:32:16 517  86.90  124.83 1.37  SE    8859     329.74 NNW   71950 282       0        
7    149  37.615245 127.078140 507  02/01/2023 13:32:17 525  85.80  124.83 1.56  SE    8859     329.74 NNW   72430 284       0        
8    149  37.615245 127.078140 514  02/01/2023 13:32:18 533  84.90  124.83 1.67  SE    8859     329.74 NNW   72912 286       0        
7    149  37.615249 127.078125 528  02/01/2023 13:32:19 546  83.60  124.83 1.00  SE    8859     329.74 NNW   73388 288       0        
7    149  37.615249 127.078109 538  02/01/2023 13:32:20 555  81.70  124.83 0.74  SE    8859     329.74 NNW   73864 290       0        
7    149  37.615249 127.078102 543  02/01/2023 13:32:21 562  79.80  124.83 1.83  SE    8859     329.74 NNW   74340 292       0        
7    149  37.615249 127.078094 547  02/01/2023 13:32:22 565  78.00  124.83 2.20  SE    8859     329.74 NNW   74816 294       0        
7    149  37.615249 127.078086 559  02/01/2023 13:32:23 578  76.60  124.83 3.04  SE    8859     329.74 NNW   75292 296       0        
